2
6
7
10
11
13
15
16
17
18
20
21
22
23
24
25
31
33
36
39
41
42
43
44
45
48
49
51
52
53
56
59
62
64
66
75
76
78
79
83
84
85
88
89
90
91
92
93
94
96
97
100
102
103
104
105
107
109
110
111
112
113
114
119
122
123
124
126
127
129
131
132
136
137
138
139
141
142
143
144
146
147
148
151
153
154
155
156
161
165
168
169
172
174
177
178
181
183
184
185
186
187
188
189
193
194
197
198
199
201
202
205
209
210
218
222
223
224
226
227
228
229
230
237
239
240
243
246
250
251
258
259
262
263
266
272
273
274
275
276
277
280
281
284
285
286
287
291
297
303
306
307
309
310
316
320
321
322
324
325
326
327
328
330
332
333
334
337
340
343
344
346
347
348
350
351
355
357
358
359
363
364
365
366
368
369
370
372
373
374
375
376
377
379
380
381
385
386
387
390
392
393
395
396
397
399
401
402
403
406
409
410
412
413
417
418
420
421
422
424
425
426
431
432
434
437
438
439
444
445
446
448
450
451
452
454
457
463
464
467
470
474
475
478
479
481
483
486
487
489
491
500
503
506
507
512
513
514
516
520
521
528
529
531
532
535
536
538
540
542
543
545
546
548
549
551
552
553
554
555
557
558
559
561
564
567
569
570
580
582
585
588
589
593
595
596
598
599
603
609
610
611
612
614
615
618
619
622
624
627
630
631
632
634
635
638
639
640
642
644
647
649
651
654
655
656
660
662
663
664
665
670
674
675
677
679
682
684
686
689
690
691
693
695
696
697
698
699
703
705
707
713
714
716
718
720
722
723
724
725
727
728
729
730
732
735
736
737
739
740
741
749
750
752
753
754
758
759
761
762
764
765
766
771
773
775
776
777
778
779
780
781
784
785
786
787
793
794
797
798
799
800
801
803
805
806
808
809
811
812
816
818
824
825
826
828
829
830
831
832
833
834
835
838
839
841
842
844
845
846
848
849
851
852
855
856
860
862
864
866
867
869
870
871
873
874
875
877
880
883
885
888
889
890
891
892
894
895
901
903
904
905
907
910
912
913
915
919
920
921
923
925
927
929
930
935
936
938
941
944
945
947
948
949
951
955
959
960
961
962
964
967
969
970
971
974
975
976
978
979
982
983
984
985
986
989
990
992
995
997
998
1001
1002
1006
1008
1009
1010
1013
1018
1019
1023
1027
1028
1029
1032
1033
1035
1036
1037
1039
1041
1043
1048
1050
1052
1054
1055
1056
1057
1059
1060
1061
1066
1067
1068
1071
1075
1080
1082
1084
1086
1087
1088
1089
1090
1091
1092
1093
1094
1095
1096
1097
1099
1102
1104
1105
1107
1108
1110
1112
1115
1116
1121
1123
1125
1130
1132
1133
1135
1139
1140
1141
1142
1144
1145
1146
1147
1148
1149
1151
1153
1154
1155
1157
1158
1159
1160
1162
1163
1164
1165
1168
1169
1170
1171
1173
1174
1177
1178
1179
1181
1182
1183
1184
1191
1194
1195
1197
1198
1201
1202
1205
1206
1207
1208
1209
1211
1212
1215
1216
1217
1218
1219
1221
1223
1224
1234
1235
1236
1237
1238
1241
1242
1244
1245
1251
1252
1253
1254
1255
1258
1260
1265
1267
1269
1270
1271
1273
1274
1275
1276
1277
1279
1280
1282
1285
1290
1293
1296
1297
1298
1299
1302
1303
1306
1315
1317
1324
1326
1327
1330
1331
1339
1345
1346
1348
1349
1351
1353
1355
1356
1358
1363
1365
1367
1368
1369
1371
1373
1374
1375
1377
1378
1380
1381
1382
1383
1385
1390
1392
1399
1400
1402
1406
1408
1409
1413
1414
1416
1419
1420
1421
1424
1428
1429
1430
1432
1437
1442
1448
1449
1450
1451
1452
1453
1454
1456
1458
1459
1460
1463
1470
1471
1473
1474
1475
1476
1480
1481
1484
1486
1488
1491
1492
1493
1496
1497
1498
1499
1501
1502
1503
1506
1509
1510
1514
1515
1516
1517
1518
1523
1524
1526
1527
1528
1534
1535
1536
1538
1540
1543
1547
1549
1553
1554
1556
1557
1558
1562
1563
1566
1568
1569
1570
1571
1575
1580
1582
1583
1584
1585
1587
1591
1592
1593
1596
1597
1598
1604
1610
1611
1613
1616
1617
1618
1619
1623
1624
1625
1626
1627
1631
1634
1635
1636
1644
1647
1648
1649
1650
1651
1652
1653
1654
1656
1657
1659
1662
1663
1667
1669
1670
1673
1676
1679
1680
1683
1684
1685
1686
1689
1691
1692
1696
1697
1698
1699
1700
1702
1704
1705
1708
1712
1714
1716
1718
1719
1723
1726
1729
1733
1734
1736
1738
1739
1741
1742
1743
1744
1745
1746
1747
1748
1754
1755
1756
1757
1758
1759
1760
1761
1763
1766
1768
1769
1770
1771
1773
1774
1776
1777
1778
1782
1784
1785
1786
1787
1788
1789
1790
1791
1794
1795
1797
1798
1799
1807
1808
1811
1812
1815
1818
1820
1821
1823
1824
1827
1830
1831
1835
1836
1841
1842
1844
1845
1846
1854
1855
1856
1858
1859
1861
1862
1863
1864
1866
1869
1871
1875
1878
1879
1881
1885
1889
1890
1891
1893
1894
1898
1900
1901
1902
1903
1904
1905
1910
1917
1918
1919
1920
1921
1922
1923
1926
1927
1928
1930
1931
1933
1936
1943
1944
1945
1947
1953
1955
1956
1957
1958
1959
1960
1961
1966
1968
1969
1970
1971
1973
1974
1975
1976
1977
1978
1979
1981
1982
1983
1986
1988
1989
1997
1998
2002
2003
2004
2006
2008
2009
2010
2012
2015
2016
2017
2023
2024
2025
2026
2027
2028
2029
2032
2033
2035
2036
2038
2041
2043
2046
2047
2052
2054
2055
2057
2058
2059
2060
2061
2062
2063
2065
2066
2067
2068
2071
2076
2077
2079
2080
2084
2087
2090
2091
2093
2096
2100
2102
2103
2104
2105
2110
2111
2113
2117
2118
2119
2121
2123
2125
2126
2128
2132
2133
2134
2135
2138
2139
2140
2141
2142
2144
2145
2151
2153
2157
2158
2159
2160
2163
2165
2169
2170
2172
2174
2175
2177
2179
2181
2183
2185
2186
2189
2191
2194
2197
2200
2201
2203
2206
2208
2214
2215
2219
2221
2226
2230
2234
2235
2236
2238
2239
2244
2246
2248
2250
2251
2252
2253
2254
2255
2256
2257
2263
2264
2266
2267
2268
2270
2273
2274
2277
2280
2281
2284
2285
2290
2291
2292
2293
2296
2298
2299
2300
2302
2303
2304
2306
2307
2308
2309
2310
2311
2314
2316
2317
2318
2319
2320
2322
2324
2325
2326
2328
2333
2338
2339
2342
2343
2345
2346
2347
2349
2352
2354
2357
2359
2361
2362
2363
2365
2367
2369
2370
2371
2372
2373
2375
2376
2378
2380
2381
2385
2387
2389
2391
2392
2395
2396
2399
2400
2402
2403
2404
2405
2406
2407
2410
2414
2418
2420
2422
2425
2427
2429
2430
2431
2433
2435
2441
2443
2444
2445
2446
2447
2448
2449
2450
2453
2454
2455
2459
2461
2464
2465
2466
2467
2468
2469
2471
2474
2475
2477
2478
2480
2483
2484
2486
2490
2491
2492
2493
2499
2504
2505
2506
2507
2510
2513
2514
2516
2517
2518
2519
2520
2524
2525
2528
2529
2530
2533
2534
2535
2537
2540
2541
2543
2545
2548
2549
2551
2552
2554
2556
2560
2562
2563
2566
2567
2569
2570
2571
2574
2581
2582
2585
2588
2591
2593
2594
2597
2599
2600
2601
2605
2607
2608
2611
2612
2614
2617
2622
2623
2624
2625
2627
2628
2630
2637
2638
2639
2640
2642
2643
2645
2647
2648
2649
2650
2654
2655
2658
2662
2664
2665
2668
2669
2671
2673
2675
2684
2687
2688
2690
2691
2693
2694
2696
2697
2698
2700
2701
2704
2706
2707
2708
2710
2711
2715
2716
2717
2718
2721
2723
2727
2729
2730
2732
2737
2738
2739
2740
2742
2743
2745
2747
2749
2751
2753
2754
2755
2758
2760
2762
2763
2766
2767
2768
2770
2774
2775
2780
2782
2783
2784
2786
2787
2788
2790
2791
2792
2793
2794
2797
2799
2800
2801
2803
2805
2806
2809
2810
2811
2813
2814
2815
2817
2818
2819
2820
2821
2824
2826
2829
2830
2831
2835
2837
2838
2839
2840
2842
2843
2844
2845
2846
2848
2850
2854
2855
2856
2858
2861
2862
2868
2871
2874
2875
2881
2885
2886
2887
2890
2891
2892
2893
2894
2897
2898
2900
2902
2904
2905
2906
2907
2908
2909
2910
2911
2912
2913
2914
2915
2916
2917
2918
2919
2921
2922
2923
2924
2925
2927
2928
2930
2931
2932
2934
2936
2937
2938
2942
2944
2945
2946
2947
2949
2953
2955
2956
2957
2958
2960
2962
2964
2967
2969
2970
2971
2972
2973
2980
2982
2984
2985
2987
2989
2990
2992
2993
2995
2999
3000
3001
3002
3003
3004
3005
3007
3008
3009
3012
3013
3014
3016
3017
3018
3019
3020
3021
3023
3024
3027
3031
3034
3035
3041
3042
3043
3045
3047
3048
3053
3054
3055
3057
3059
3060
3064
3065
3069
3070
3072
3073
3074
3075
3076
3077
3081
3082
3084
3085
3087
3092
3093
3097
3099
3100
3102
3103
3104
3106
3107
3110
3111
3112
3115
3116
3117
3118
3119
3122
3123
3125
3126
3127
3130
3131
3132
3133
3134
3136
3142
3146
3148
3149
3150
3151
3152
3153
3154
3157
3159
3161
3162
3164
3165
3167
3170
3174
3176
3177
3179
3181
3182
3184
3186
3187
3189
3190
3191
3192
3195
3196
3197
3198
3202
3204
3205
3206
3207
3208
3209
3215
3216
3217
3218
3223
3224
3225
3226
3227
3231
3235
3238
3239
3243
3247
3248
3249
3252
3254
3258
3260
3261
3263
3265
3266
3267
3268
3269
3271
3276
3277
3278
3281
3285
3286
3287
3290
3291
3293
3294
3296
3299
3302
3303
3307
3308
3310
3312
3315
3316
3317
3318
3319
3321
3323
3324
3325
3329
3335
3336
3337
3338
3339
3342
3343
3345
3348
3349
3350
3351
3352
3353
3357
3358
3359
3360
3361
3363
3364
3368
3369
3370
3371
3372
3373
3377
3378
3379
3381
3382
3386
3389
3390
3391
3392
3395
3404
3405
3406
3408
3409
3410
3411
3415
3416
3417
3419
3421
3422
3423
3425
3426
3427
3428
3429
3433
3434
3435
3436
3438
3440
3442
3443
3445
3447
3448
3451
3452
3454
3456
3457
3458
3461
3466
3467
3468
3470
3471
3474
3476
3477
3481
3484
3488
3490
3492
3493
3494
3495
3497
3500
3501
3502
3507
3509
3511
3512
3513
3516
3517
3520
3522
3525
3526
3529
3530
3531
3533
3534
3535
3536
3539
3541
3545
3546
3547
3548
3551
3552
3558
3559
3560
3561
3564
3567
3568
3569
3571
3572
3573
3574
3578
3579
3580
3582
3584
3587
3588
3589
3590
3591
3592
3594
3596
3598
3599
3601
3605
3606
3608
3610
3612
3614
3615
3618
3619
3621
3623
3626
3627
3629
3630
3635
3637
3638
3639
3641
3642
3646
3647
3649
3650
3655
3656
3657
3659
3660
3662
3665
3666
3668
3669
3673
3674
3675
3676
3678
3679
3682
3683
3684
3685
3687
3688
3690
3696
3697
3698
3699
3700
3703
3705
3706
3707
3708
3714
3716
3718
3720
3722
3725
3726
3727
3730
3732
3733
3734
3737
3738
3742
3743
3748
3750
3752
3753
3754
3755
3757
3759
3761
3763
3765
3766
3767
3768
3769
3773
3776
3777
3782
3784
3788
3790
3791
3792
3794
3795
3796
3797
3798
3799
3800
3804
3805
3809
3810
3811
3812
3813
3814
3816
3818
3821
3823
3824
3825
3829
3830
3833
3834
3836
3837
3840
3845
3846
3848
3849
3851
3856
3858
3860
3861
3862
3864
3865
3866
3868
3869
3870
3871
3872
3875
3878
3880
3884
3885
3886
3887
3889
3891
3892
3894
3900
3902
3904
3905
3910
3911
3915
3918
3921
3922
3923
3925
3927
3928
3929
3932
3933
3934
3935
3936
3938
3939
3940
3941
3942
3943
3944
3946
3947
3948
3949
3951
3955
3956
3958
3960
3961
3964
3965
3967
3969
3970
3971
3972
3976
3978
3980
3981
3983
3984
3986
3987
3988
3989
3990
3991
3994
3995
3997
3999
4003
4004
4005
4008
4009
4010
4011
4013
4015
4017
4021
4024
4026
4027
4029
4030
4031
4033
4034
4035
4036
4038
4039
4040
4041
4042
4043
4044
4045
4046
4048
4049
4051
4052
4053
4054
4055
4056
4057
4058
4061
4062
4063
4065
4066
4069
4071
4072
4074
4078
4079
4082
4085
4086
4088
4091
4093
4095
4096
4097
4098
4101
4102
4106
4107
4108
4110
4111
4113
4116
4120
4123
4128
4130
4133
4137
4139
4141
4152
4154
4156
4157
4161
4162
4164
4165
4170
4171
4172
4173
4175
4176
4177
4180
4181
4183
4184
4187
4188
4190
4191
4193
4194
4195
4196
4197
4199
4204
4205
4206
4207
4208
4209
4212
4213
4215
4216
4218
4220
4222
4223
4224
4225
4228
4229
4235
4238
4239
4241
4243
4244
4246
4248
4254
4255
4256
4257
4260
4262
4263
4267
4268
4269
4270
4273
4276
4277
4279
4280
4281
4282
4285
4287
4288
4289
4290
4292
4293
4294
4297
4298
4299
4300
4301
4303
4307
4310
4313
4314
4317
4319
4320
4321
4324
4325
4326
4328
4330
4336
4337
4339
4343
4347
4349
4352
4354
4356
4357
4358
4365
4368
4370
4371
4372
4373
4379
4380
4386
4389
4392
4395
4397
4398
4400
4401
4404
4407
4408
4409
4410
4411
4415
4416
4417
4418
4419
4420
4421
4423
4429
4430
4431
4434
4435
4436
4440
4444
4446
4447
4448
4451
4457
4462
4465
4467
4471
4473
4474
4475
4478
4479
4481
4482
4485
4486
4487
4490
4491
4492
4493
4494
4497
4498
4499
4500
4502
4503
4511
4512
4513
4517
4521
4522
4523
4525
4526
4529
4530
4534
4537
4538
4539
4542
4550
4552
4553
4556
4560
4561
4564
4568
4571
4572
4573
4577
4578
4579
4580
4585
4587
4594
4595
4596
4597
4599
4601
4602
4603
4604
4605
4606
4610
4611
4614
4618
4619
4620
4622
4624
4626
4628
4629
4630
4631
4632
4635
4636
4637
4638
4640
4641
4645
4650
4652
4657
4659
4662
4663
4665
4666
4669
4671
4672
4674
4679
4680
4681
4682
4684
4685
4686
4687
4690
4692
4694
4695
4697
4698
4700
4701
4702
4703
4705
4706
4709
4710
4713
4714
4715
4716
4717
4722
4723
4726
4727
4732
4735
4740
4743
4744
4750
4752
4754
4758
4760
4761
4768
4773
4780
4781
4785
4786
4788
4794
4796
4797
4798
4800
4802
4813
4814
4816
4817
4819
4820
4822
4824
4825
4826
4827
4829
4832
4834
4835
4836
4837
4839
4840
4841
4842
4846
4847
4848
4849
4850
4851
4852
4855
4856
4857
4858
4867
4868
4869
4870
4871
4873
4874
4876
4877
4879
4880
4881
4884
4885
4887
4890
4891
4892
4893
4895
4898
4902
4911
4912
4914
4918
4920
4923
4924
4925
4926
4928
4931
4934
4935
4945
4950
4951
4954
4956
4957
4959
4960
4961
4962
4963
4964
4970
4972
4975
4976
4977
4979
4981
4982
4984
4986
4988
4990
4991
4992
4993
4994
4995
4996
4997
4998
4999
5000
5002
5003
5004
5010
5011
5014
5015
5020
5023
5027
5031
5033
5035
5036
5037
5039
5040
5053
5054
5056
5060
5061
5063
5064
5065
5066
5068
5070
5074
5079
5080
5084
5089
5091
5092
5093
5096
5097
5098
5100
5101
5102
5104
5105
5107
5109
5110
5111
5113
5114
5115
5116
5117
5119
5121
5124
5128
5130
5133
5134
5139
5140
5143
5144
5145
5147
5150
5152
5153
5155
5161
5162
5164
5169
5171
5172
5173
5174
5177
5178
5180
5181
5182
5186
5187
5189
5192
5195
5197
5198
5199
5202
5205
5206
5207
5209
5212
5213
5215
5218
5219
5220
5221
5222
5224
5225
5226
5227
5228
5229
5231
5234
5237
5238
5242
5243
5244
5245
5247
5250
5251
5258
5260
5261
5263
5264
5269
5271
5272
5273
5274
5277
5279
5280
5282
5283
5284
5285
5286
5287
5288
5291
5293
5294
5298
5300
5301
5302
5303
5308
5309
5310
5311
5312
5318
5320
5325
5326
5330
5334
5335
5336
5339
5341
5342
5343
5344
5346
5347
5349
5351
5353
5356
5357
5359
5360
5361
5362
5363
5364
5365
5368
5370
5371
5373
5377
5379
5383
5385
5386
5388
5390
5392
5394
5395
5396
5397
5398
5399
5401
5402
5403
5405
5406
5407
5412
5416
5428
5429
5430
5432
5437
5439
5440
5443
5444
5445
5448
5449
5450
5452
5453
5454
5455
5458
5459
5460
5461
5464
5465
5467
5473
5474
5476
5477
5480
5481
5483
5484
5485
5486
5487
5489
5491
5492
5493
5494
5496
5497
5498
5500
5501
5504
5506
5507
5508
5510
5511
5512
5514
5515
5516
5517
5518
5519
5520
5521
5522
5523
5525
5527
5528
5534
5535
5536
5539
5542
5543
5546
5547
5548
5551
5554
5555
5556
5559
5560
5561
5562
5563
5565
5567
5569
5571
5573
5575
5576
5577
5580
5582
5583
5584
5588
5592
5593
5596
5597
5599
5600
5602
5603
5604
5611
5613
5614
5615
5618
5619
5620
5621
5622
5623
5624
5625
5626
5627
5630
5633
5634
5635
5636
5638
5639
5641
5642
5644
5645
5647
5649
5651
5653
5654
5656
5658
5659
5660
5662
5663
5664
5670
5671
5673
5674
5678
5679
5682
5685
5686
5688
5691
5692
5694
5695
5697
5698
5699
5700
5702
5703
5704
5707
5710
5715
5716
5719
5721
5723
5727
5728
5729
5730
5731
5733
5734
5735
5737
5738
5741
5742
5744
5746
5747
5749
5750
5751
5754
5757
5758
5760
5762
5763
5764
5766
5770
5771
5772
5773
5775
5776
5777
5778
5782
5786
5787
5792
5796
5798
5803
5805
5806
5808
5809
5810
5812
5813
5815
5816
5817
5818
5819
5821
5822
5823
5824
5825
5826
5827
5828
5831
5834
5835
5836
5838
5839
5842
5843
5846
5847
5849
5850
5853
5855
5856
5858
5861
5862
5863
5865
5867
5868
5869
5870
5871
5872
5874
5875
5876
5878
5880
5882
5883
5884
5885
5888
5889
5890
5891
5894
5896
5899
5901
5903
5904
5906
5907
5909
5910
5911
5912
5913
5917
5920
5921
5923
5925
5930
5931
5932
5939
5940
5941
5943
5944
5945
5946
5948
5949
5950
5952
5956
5957
5961
5962
5963
5964
5967
5968
5970
5973
5975
5978
5979
5980
5981
5984
5985
5986
5988
5990
5992
5995
5997
5998
5999
6000
6001
6003
6004
6006
6007
6009
6012
6014
6016
6023
6024
6027
6028
6030
6032
6034
6038
6041
6042
6043
6044
6045
6046
6047
6048
6049
6054
6055
6058
6060
6062
6063
6068
6069
6071
6072
6073
6075
6076
6077
6081
6082
6083
6084
6085
6087
6088
6089
6091
6093
6094
6095
6097
6098
6100
6101
6108
6109
6110
6111
6114
6117
6119
6120
6124
6126
6127
6132
6134
6138
6140
6141
6142
6143
6144
6145
6149
6152
6154
6155
6156
6157
6158
6159
6162
6164
6165
6167
6169
6174
6175
6177
6178
6181
6182
6184
6185
6186
6187
6188
6189
6193
6199
6200
6202
6203
6204
6208
6210
6211
6212
6214
6218
6219
6224
6226
6229
6231
6232
6238
6244
6245
6249
6250
6252
6254
6256
6261
6262
6263
6264
6266
6268
6270
6273
6274
6275
6277
6279
6281
6282
6284
6287
6288
6289
6291
6292
6296
6298
6300
6301
6302
6305
6306
6307
6311
6312
6313
6315
6318
6319
6320
6325
6328
6330
6331
6332
6333
6335
6336
6337
6338
6340
6341
6342
6344
6349
6350
6351
6353
6354
6355
6356
6358
6360
6361
6362
6364
6367
6370
6372
6373
6374
6375
6377
6378
6379
6380
6382
6385
6388
6389
6390
6391
6394
6396
6401
6402
6405
6410
6411
6413
6415
6416
6419
6421
6422
6423
6424
6425
6426
6427
6428
6431
6433
6435
6437
6441
6446
6447
6451
6453
6454
6456
6460
6466
6468
6470
6471
6472
6475
6477
6478
6479
6482
6483
6485
6486
6492
6495
6496
6497
6501
6502
6503
6504
6505
6507
6508
6509
6510
6511
6513
6514
6515
6516
6517
6520
6522
6523
6525
6526
6527
6529
6532
6539
6542
6543
6544
6546
6547
6548
6549
6550
6552
6556
6557
6560
6566
6569
6572
6573
6575
6577
6579
6580
6581
6582
6587
6591
6593
6597
6600
6603
6606
6610
6612
6616
6617
6622
6625
6626
6629
6630
6631
6635
6636
6641
6642
6644
6646
6647
6648
6650
6651
6652
6653
6654
6655
6657
6658
6659
6660
6661
6662
6664
6666
6669
6671
6672
6673
6675
6677
6679
6680
6684
6685
6688
6697
6700
6701
6702
6704
6706
6709
6710
6711
6712
6714
6717
6718
6723
6725
6726
6732
6733
6736
6737
6738
6742
6744
6745
6747
6752
6754
6760
6763
6765
6766
6767
6768
6769
6770
6772
6778
6780
6781
6783
6785
6786
6787
6788
6789
6790
6791
6793
6794
6797
6798
6799
6800
6801
6802
6803
6804
6805
6806
6807
6808
6809
6812
6817
6818
6819
6821
6822
6824
6825
6826
6827
6828
6829
6830
6833
6840
6842
6844
6848
6851
6855
6858
6860
6861
6863
6864
6866
6868
6872
6873
6876
6878
6880
6881
6883
6887
6889
6891
6892
6893
6894
6898
6904
6905
6906
6909
6910
6915
6917
6919
6922
6924
6925
6927
6928
6929
6933
6934
6935
6937
6939
6941
6942
6945
6946
6947
6948
6949
6950
6953
6956
6958
6960
6961
6962
6963
6966
6968
6970
6972
6976
6977
6978
6981
6982
6984
6985
6987
6988
6990
6991
7000
7001
7002
7005
7012
7020
7022
7027
7028
7031
7037
7039
7040
7041
7043
7049
7050
7052
7053
7054
7061
7064
7066
7069
7071
7072
7075
7079
7081
7083
7085
7086
7087
7090
7092
7093
7095
7096
7105
7106
7107
7108
7109
7112
7114
7117
7118
7121
7123
7125
7127
7128
7129
7131
7132
7133
7135
7138
7139
7141
7142
7144
7146
7147
7149
7151
7152
7154
7155
7156
7157
7158
7162
7163
7164
7165
7170
7171
7172
7174
7176
7179
7180
7183
7184
7185
7187
7188
7189
7190
7191
7192
7193
7194
7195
7196
7197
7199
7201
7202
7203
7204
7207
7209
7213
7214
7215
7216
7220
7222
7223
7224
7229
7230
7231
7232
7233
7234
7235
7236
7239
7242
7244
7246
7247
7248
7251
7252
7255
7256
7259
7260
7262
7264
7265
7272
7275
7276
7277
7278
7280
7281
7282
7283
7287
7288
7289
7290
7292
7293
7294
7295
7296
7297
7298
7303
7304
7305
7308
7309
7312
7316
7317
7319
7321
7322
7323
7326
7327
7329
7330
7332
7333
7335
7338
7339
7340
7341
7344
7345
7346
7347
7351
7352
7353
7354
7356
7357
7358
7359
7360
7364
7366
7367
7368
7369
7371
7372
7375
7378
7385
7386
7387
7388
7390
7391
7392
7394
7396
7397
7402
7404
7407
7408
7410
7411
7412
7414
7417
7418
7422
7423
7424
7425
7426
7428
7429
7432
7436
7437
7438
7439
7440
7441
7444
7445
7447
7451
7455
7456
7457
7458
7459
7463
7464
7466
7468
7470
7471
7474
7475
7477
7479
7480
7482
7484
7486
7487
7488
7489
7492
7493
7494
7495
7497
7504
7508
7509
7511
7512
7514
7520
7521
7522
7523
7525
7527
7528
7529
7530
7533
7539
7540
7542
7544
7545
7547
7548
7549
7550
7551
7552
7553
7557
7560
7563
7565
7566
7568
7570
7573
7574
7577
7579
7582
7584
7586
7587
7592
7593
7594
7596
7597
7599
7601
7602
7603
7604
7605
7610
7612
7615
7616
7618
7619
7621
7622
7624
7626
7629
7631
7635
7636
7638
7639
7640
7644
7645
7647
7649
7651
7652
7653
7657
7658
7659
7660
7664
7665
7667
7668
7673
7676
7678
7679
7680
7685
7686
7690
7692
7695
7698
7699
7702
7703
7705
7711
7712
7713
7714
7721
7724
7728
7729
7730
7732
7734
7737
7740
7741
7742
7744
7748
7749
7750
7752
7753
7754
7755
7756
7758
7761
7763
7764
7765
7766
7770
7772
7775
7777
7778
7781
7782
7785
7789
7790
7791
7792
7794
7796
7797
7798
7801
7803
7805
7807
7808
7811
7814
7815
7817
7818
7819
7820
7821
7823
7825
7826
7828
7830
7832
7833
7834
7835
7836
7837
7838
7840
7841
7844
7847
7855
7856
7859
7861
7863
7864
7867
7871
7872
7873
7874
7879
7882
7886
7889
7890
7891
7892
7893
7895
7896
7898
7899
7900
7901
7902
7903
7905
7907
7908
7910
7913
7917
7918
7919
7921
7923
7925
7928
7930
7933
7939
7941
7943
7944
7947
7948
7949
7951
7952
7953
7957
7959
7964
7965
7966
7968
7971
7972
7973
7974
7975
7978
7980
7981
7984
7986
7991
7993
7994
7995
7996
7997
8002
8006
8012
8013
8015
8016
8017
8018
8021
8022
8025
8028
8029
8030
8033
8035
8036
8038
8039
8042
8044
8046
8048
8049
8050
8051
8053
8059
8060
8062
8065
8066
8067
8071
8072
8079
8081
8086
8087
8088
8089
8092
8093
8094
8096
8097
8099
8100
8102
8104
8110
8112
8113
8114
8115
8116
8118
8122
8124
8125
8127
8128
8129
8133
8135
8136
8138
8145
8147
8150
8152
8154
8155
8160
8163
8164
8169
8170
8171
8172
8173
8174
8177
8178
8180
8182
8183
8184
8185
8187
8190
8191
8193
8195
8196
8201
8203
8206
8207
8209
8210
8212
8213
8217
8218
8219
8223
8224
8226
8228
8229
8230
8234
8235
8236
8239
8240
8245
8246
8248
8249
8250
8251
8252
8253
8254
8255
8256
8259
8262
8265
8271
8273
8275
8276
8278
8279
8282
8283
8285
8287
8292
8293
8294
8295
8297
8301
8305
8306
8307
8311
8314
8318
8319
8323
8324
8325
8326
8327
8329
8330
8332
8333
8335
8336
8337
8338
8339
8340
8341
8342
8343
8344
8345
8346
8347
8348
8351
8353
8354
8355
8357
8358
8359
8360
8361
8363
8365
8367
8369
8370
8374
8377
8379
8380
8381
8382
8384
8385
8386
8388
8390
8391
8392
8393
8395
8397
8398
8399
8400
8402
8405
8406
8407
8411
8414
8416
8418
8419
8422
8424
8425
8427
8430
8434
8435
8436
8437
8440
8441
8443
8444
8445
8446
8447
8451
8452
8454
8457
8459
8460
8464
8465
8468
8469
8470
8471
8473
8474
8475
8477
8479
8484
8485
8486
8488
8490
8491
8494
8496
8499
8500
8501
8502
8505
8507
8509
8511
8512
8513
8517
8518
8519
8526
8528
8529
8534
8535
8538
8539
8541
8542
8544
8545
8546
8547
8548
8549
8550
8553
8556
8557
8566
8568
8569
8572
8573
8576
8580
8584
8586
8589
8593
8594
8595
8598
8599
8600
8602
8603
8605
8606
8607
8608
8609
8610
8611
8613
8615
8616
8618
8619
8621
8624
8625
8626
8630
8631
8632
8633
8634
8637
8639
8642
8645
8647
8648
8650
8653
8654
8656
8661
8662
8664
8666
8668
8670
8671
8673
8676
8677
8678
8680
8683
8685
8689
8690
8691
8692
8695
8696
8698
8699
8703
8704
8705
8712
8716
8717
8720
8723
8727
8729
8731
8732
8733
8734
8735
8744
8745
8749
8750
8751
8752
8756
8757
8758
8767
8771
8772
8775
8777
8778
8783
8786
8790
8791
8794
8797
8799
8800
8802
8803
8804
8805
8807
8809
8810
8811
8812
8813
8815
8817
8818
8822
8823
8825
8827
8828
8830
8833
8835
8836
8839
8840
8841
8843
8846
8849
8852
8853
8856
8859
8861
8865
8872
8875
8876
8877
8878
8880
8882
8884
8885
8886
8890
8891
8892
8893
8894
8895
8896
8898
8906
8908
8910
8912
8913
8914
8915
8917
8919
8920
8921
8922
8924
8926
8927
8929
8930
8932
8934
8935
8937
8938
8947
8948
8950
8951
8953
8954
8958
8959
8960
8961
8962
8963
8966
8968
8969
8970
8971
8972
8973
8974
8984
8987
8989
8990
8991
8993
8995
8999
9001
9002
9003
9004
9005
9006
9007
9008
9009
9018
9021
9022
9025
9026
9027
9028
9029
9030
9031
9032
9033
9034
9035
9042
9043
9044
9046
9047
9050
9051
9052
9053
9055
9056
9064
9065
9066
9068
9070
9072
9073
9075
9077
9078
9079
9080
9083
9086
9087
9088
9090
9091
9092
9096
9097
9098
9099
9101
9102
9103
9104
9105
9110
9112
9114
9116
9119
9121
9124
9125
9126
9127
9131
9132
9134
9136
9137
9138
9139
9140
9144
9146
9147
9148
9149
9150
9151
9152
9154
9156
9157
9158
9161
9162
9163
9164
9167
9173
9177
9182
9186
9188
9190
9194
9196
9197
9199
9200
9202
9204
9205
9209
9210
9211
9212
9214
9215
9216
9218
9219
9224
9225
9227
9229
9239
9242
9244
9245
9246
9250
9251
9253
9254
9256
9258
9259
9261
9262
9263
9265
9266
9267
9268
9269
9270
9271
9273
9274
9276
9280
9281
9282
9283
9285
9286
9289
9292
9297
9298
9300
9301
9302
9303
9304
9306
9308
9309
9310
9313
9314
9317
9319
9320
9321
9322
9325
9326
9328
9329
9330
9332
9333
9335
9336
9337
9338
9340
9343
9347
9348
9351
9352
9353
9354
9355
9356
9358
9359
9360
9362
9363
9364
9366
9367
9368
9370
9371
9372
9373
9374
9376
9378
9380
9381
9382
9383
9385
9386
9388
9392
9394
9395
9396
9398
9399
9400
9401
9406
9407
9409
9411
9412
9413
9415
9420
9421
9423
9430
9433
9436
9437
9443
9445
9446
9450
9451
9452
9453
9455
9458
9459
9462
9463
9466
9468
9469
9471
9473
9474
9477
9478
9479
9480
9481
9483
9485
9486
9487
9490
9494
9495
9496
9497
9499
9500
9501
9503
9504
9505
9506
9508
9510
9511
9512
9513
9515
9521
9522
9524
9525
9527
9528
9530
9531
9533
9535
9539
9540
9541
9543
9544
9545
9546
9547
9548
9549
9552
9554
9555
9559
9561
9565
9570
9573
9574
9576
9577
9578
9580
9582
9583
9584
9585
9587
9592
9595
9596
9597
9598
9602
9606
9607
9608
9611
9612
9613
9616
9617
9619
9620
9622
9626
9627
9630
9632
9633
9635
9637
9638
9639
9641
9642
9644
9646
9648
9649
9650
9653
9654
9655
9658
9661
9662
9664
9665
9667
9668
9670
9675
9676
9679
9680
9682
9684
9685
9686
9687
9688
9689
9694
9695
9697
9698
9699
9701
9707
9708
9710
9711
9712
9713
9714
9715
9716
9717
9718
9719
9723
9726
9727
9728
9734
9735
9736
9737
9738
9741
9744
9745
9746
9747
9748
9749
9751
9752
9759
9760
9762
9765
9766
9767
9768
9769
9771
9773
9774
9781
9782
9783
9786
9787
9789
9790
9793
9794
9795
9796
9797
9798
9801
9804
9810
9812
9813
9816
9817
9820
9822
9823
9824
9825
9828
9829
9830
9831
9832
9834
9839
9841
9842
9843
9844
9845
9847
9849
9852
9854
9855
9857
9858
9860
9861
9864
9865
9868
9873
9874
9876
9877
9878
9880
9881
9883
9885
9886
9888
9890
9892
9894
9895
9896
9898
9899
9900
9903
9905
9908
9910
9911
9916
9917
9918
9919
9923
9924
9928
9929
9932
9936
9940
9943
9944
9945
9946
9948
9951
9952
9954
9955
9956
9957
9958
9960
9961
9962
9963
9965
9969
9971
9972
9976
9977
9980
9982
9984
9986
9991
9992
9999
10001
10003
10006
10008
10009
10010
10012
10013
10014
10015
10017
10019
10020
10021
10022
10024
10025
10030
10037
10040
10042
10046
10049
10051
10052
10054
10055
10057
10061
10064
10067
10068
10070
10071
10072
10073
10076
10077
10078
10079
10081
10082
10083
10084
10087
10089
10090
10091
10092
10095
10096
10097
10100
10101
10102
10103
10105
10106
10108
10110
10111
10112
10113
10116
10119
10120
10127
10128
10129
10131
10132
10134
10137
10142
10143
10145
10148
10149
10150
10151
10157
10160
10162
10164
10166
10169
10174
10175
10176
10177
10179
10181
10182
10183
10184
10185
10186
10189
10190
10192
10194
10196
10199
10200
10201
10202
10204
10205
10206
10207
10208
10210
10211
10216
10218
10219
10221
10222
10223
10225
10229
10233
10239
10241
10243
10244
10247
10249
10251
10252
10253
10254
10255
10257
10258
10259
10260
10261
10262
10263
10268
10270
10271
10272
10276
10277
10278
10280
10281
10282
10283
10284
10285
10286
10287
10288
10289
10297
10298
10300
10301
10303
10305
10307
10308
10310
10312
10314
10316
10318
10322
10325
10330
10333
10334
10335
10339
10340
10341
10342
10350
10351
10352
10353
10358
10360
10361
10363
10364
10366
10368
10369
10371
10372
10373
10374
10375
10377
10383
10384
10387
10388
10391
10393
10394
10396
10399
10400
10404
10405
10406
10410
10411
10415
10418
10420
10421
10423
10425
10426
10428
10429
10430
10433
10437
10440
10441
10442
10443
10444
10446
10448
10449
10452
10453
10455
10456
10457
10458
10459
10462
10463
10464
10465
10467
10469
10470
10473
10474
10478
10479
10480
10484
10491
10493
10495
10497
10498
10506
10507
10508
10509
10510
10511
10513
10514
10515
10519
10520
10522
10523
10524
10526
10527
10528
10529
10531
10532
10537
10540
10542
10544
10546
10549
10550
10551
10552
10553
10557
10558
10562
10564
10565
10568
10569
10570
10571
10572
10573
10577
10578
10581
10583
10584
10585
10592
10595
10597
10598
10601
10602
10607
10608
10609
10610
10614
10618
10620
10622
10623
10624
10625
10626
10627
10631
10636
10637
10638
10639
10641
10642
10643
10644
10649
10650
10651
10654
10656
10660
10661
10663
10664
10668
10669
10670
10672
10673
10674
10675
10676
10677
10680
10681
10683
10684
10686
10687
10688
10691
10692
10694
10696
10697
10698
10702
10703
10704
10705
10706
10708
10709
10710
10711
10712
10713
10719
10720
10724
10728
10729
10730
10733
10734
10737
10740
10741
10742
10744
10746
10747
10749
10751
10752
10753
10758
10759
10761
10763
10764
10765
10768
10769
10776
10777
10778
10782
10784
10785
10786
10787
10789
10791
10795
10796
10799
10801
10802
10804
10811
10813
10815
10819
10820
10821
10823
10824
10827
10829
10830
10832
10834
10835
10836
10837
10842
10844
10847
10849
10850
10852
10854
10859
10863
10864
10865
10866
10867
10869
10876
10878
10879
10881
10882
10883
10884
10886
10888
10890
10893
10894
10897
10901
10902
10903
10904
10906
10907
10910
10912
10914
10916
10918
10919
10920
10921
10923
10924
10926
10927
10929
10930
10931
10935
10938
10939
10940
10942
10944
10946
10947
10949
10957
10958
10959
10960
10963
10964
10965
10967
10970
10971
10972
10974
10975
10976
10978
10979
10980
10981
10983
10986
10989
10991
10992
10994
10995
10996
10998
11003
11005
11008
11013
11015
11017
11018
11020
11022
11027
11028
11029
11032
11035
11036
11039
11041
11042
11043
11044
11047
11049
11050
11051
11052
11053
11054
11055
11058
11059
11060
11061
11062
11063
11066
11067
11069
11070
11072
11073
11074
11078
11082
11083
11084
11085
11087
11088
11089
11091
11094
11096
11097
11099
11101
11103
11105
11106
11108
11113
11114
11117
11118
11120
11122
11123
11126
11127
11128
11129
11130
11131
11132
11133
11135
11141
11142
11144
11146
11147
11149
11150
11154
11157
11158
11159
11161
11162
11164
11167
11169
11171
11174
11176
11179
11182
11187
11188
11191
11192
11193
11194
11195
11197
11198
11199
11201
11202
11204
11205
11206
11207
11211
11213
11218
11220
11222
11223
11228
11229
11231
11234
11236
11238
11239
11241
11243
11246
11247
11250
11251
11253
11254
11260
11261
11264
11265
11270
11271
11272
11274
11276
11277
11278
11279
11280
11281
11284
11286
11287
11290
11292
11293
11294
11297
11298
11299
11301
11303
11306
11307
11308
11314
11320
11329
11330
11333
11334
11335
11336
11341
11343
11344
11348
11349
11350
11351
11358
11359
11360
11363
11364
11367
11368
11369
11370
11371
11376
11377
11381
11382
11384
11385
11387
11389
11390
11392
11396
11397
11398
11400
11401
11402
11403
11406
11407
11408
11410
11412
11414
11419
11420
11424
11426
11428
11430
11431
11434
11435
11436
11439
11440
11445
11446
11447
11448
11449
11450
11454
11455
11459
11461
11462
11464
11465
11466
11469
11472
11475
11476
11477
11478
11480
11483
11484
11485
11486
11488
11489
11490
11491
11492
11494
11497
11503
11504
11506
11507
11509
11510
11512
11513
11514
11515
11517
11519
11520
11521
11522
11523
11524
11526
11530
11532
11534
11536
11537
11538
11539
11541
11543
11544
11546
11547
11549
11550
11552
11553
11555
11556
11557
11558
11562
11564
11565
11569
11573
11577
11578
11579
11580
11581
11583
11585
11589
11590
11592
11596
11599
11600
11602
11603
11604
11605
11607
11610
11613
11614
11616
11619
11621
11622
11626
11627
11628
11629
11631
11632
11636
11641
11642
11643
11644
11646
11648
11649
11652
11655
11656
11658
11659
11660
11662
11663
11667
11668
11669
11670
11671
11672
11675
11681
11682
11683
11684
11686
11688
11689
11691
11693
11694
11697
11699
11700
11704
11705
11707
11709
11710
11711
11714
11715
11716
11717
11718
11720
11722
11724
11726
11729
11731
11734
11737
11745
11749
11750
11753
11755
11758
11759
11761
11762
11763
11764
11766
11767
11770
11773
11774
11775
11776
11782
11783
11784
11786
11789
11790
11791
11792
11793
11796
11798
11799
11800
11804
11806
11808
11810
11811
11812
11813
11816
11820
11821
11822
11823
11825
11826
11827
11829
11831
11832
11834
11837
11839
11841
11842
11843
11844
11845
11847
11850
11852
11855
11858
11859
11860
11861
11862
11867
11868
11869
11870
11873
11874
11875
11876
11877
11879
11880
11881
11884
11885
11887
11892
11893
11895
11896
11897
11902
11905
11906
11908
11909
11912
11913
11914
11916
11917
11920
11921
11922
11924
11926
11927
11931
11934
11935
11936
11937
11939
11943
11949
11951
11954
11955
11957
11958
11959
11962
11963
11965
11966
11968
11974
11976
11978
11980
11982
11984
11987
11990
11992
11993
11994
11995
11996
11999
12002
12004
12005
12006
12007
12008
12011
12014
12023
12024
12025
12027
12028
12030
12031
12034
12037
12038
12039
12042
12043
12045
12047
12048
12049
12051
12052
12055
12056
12057
12058
12060
12061
12062
12063
12064
12065
12069
12070
12071
12072
12073
12074
12075
12078
12081
12083
12084
12085
12086
12088
12089
12091
12092
12094
12097
12098
12102
12103
12104
12107
12108
12110
12112
12115
12116
12120
12122
12124
12125
12128
12129
12130
12132
12134
12135
12137
12139
12141
12144
12146
12147
12148
12149
12150
12151
12152
12155
12158
12159
12160
12161
12163
12164
12165
12166
12169
12171
12172
12176
12177
12180
12182
12184
12188
12189
12190
12191
12194
12195
12198
12199
12200
12203
12206
12211
12212
12216
12217
12218
12220
12222
12224
12225
12226
12227
12232
12233
12239
12240
12241
12242
12248
12250
12251
12252
12253
12254
12255
12257
12262
12263
12265
12268
12271
12272
12273
12275
12281
12283
12284
12285
12286
12289
12294
12295
12296
12298
12300
12301
12306
12308
12311
12312
12314
12315
12316
12317
12318
12320
12323
12324
12326
12327
12329
12333
12334
12336
12337
12338
12339
12341
12346
12347
12348
12350
12351
12352
12353
12354
12362
12363
12364
12365
12366
12369
12370
12371
12372
12373
12374
12376
12377
12379
12381
12383
12384
12385
12386
12387
12389
12391
12392
12394
12395
12396
12398
12403
12404
12406
12409
12411
12413
12414
12415
12416
12419
12420
12421
12427
12428
12429
12433
12434
12435
12437
12438
12440
12442
12444
12447
12448
12450
12452
12455
12456
12458
12459
12464
12465
12467
12468
12470
12472
12474
12475
12477
12479
12481
12482
12483
12489
12491
12493
12494
12496
12498
12499
12503
12505
12506
12507
12509
12510
12511
12513
12515
12520
12521
12523
12525
12526
12527
12528
12534
12535
12538
12539
12540
12541
12546
12548
12549
12550
12551
12552
12553
12555
12558
12559
12563
12565
12566
12568
12570
12572
12573
12575
12577
12578
12579
12580
12584
12586
12595
12596
12597
12598
12599
12600
12601
12603
12604
12605
12607
12608
12609
12621
12622
12623
12625
12626
12627
12629
12631
12634
12635
12636
12637
12638
12640
12642
12643
12644
12645
12646
12650
12651
12652
12655
12659
12660
12662
12663
12664
12665
12666
12669
12670
12671
12672
12673
12674
12675
12677
12679
12680
12683
12685
12686
12687
12688
12689
12693
12694
12697
12700
12701
12703
12706
12711
12716
12718
12720
12722
12726
12728
12729
12733
12734
12736
12737
12738
12740
12742
12744
12745
12746
12748
12749
12750
12751
12753
12754
12756
12757
12758
12761
12762
12763
12764
12766
12767
12769
12774
12775
12777
12780
12783
12787
12788
12790
12794
12796
12798
12799
12800
12802
12804
12806
12807
12810
12811
12813
12814
12815
12817
12819
12820
12821
12822
12825
12826
12827
12828
12830
12832
12833
12834
12835
12836
12837
12838
12839
12840
12841
12842
12843
12847
12852
12853
12856
12858
12860
12864
12867
12870
12871
12875
12876
12878
12879
12880
12881
12883
12884
12885
12886
12887
12890
12891
12895
12898
12900
12901
12902
12903
12904
12906
12907
12909
12910
12911
12916
12918
12921
12923
12925
12926
12927
12928
12929
12930
12933
12934
12937
12938
12940
12941
12944
12947
12948
12949
12950
12953
12956
12957
12959
12962
12965
12966
12967
12968
12969
12970
12971
12972
12973
12975
12977
12978
12980
12981
12982
12984
12985
12987
12988
12989
12992
12995
12996
13000
13001
13002
13004
13005
13006
13008
13009
13013
13014
13021
13022
13023
13024
13025
13028
13030
13031
13034
13035
13037
13038
13040
13041
13042
13043
13044
13048
13049
13052
13053
13054
13055
13056
13057
13060
13061
13062
13063
13065
13069
13071
13073
13075
13077
13078
13079
13081
13084
13086
13090
13093
13097
13098
13099
13100
13101
13103
13105
13106
13108
13109
13111
13112
13117
13118
13119
13122
13124
13126
13127
13128
13130
13131
13132
13138
13140
13143
13146
13150
13153
13154
13155
13156
13157
13158
13159
13160
13161
13162
13165
13166
13167
13169
13171
13172
13174
13175
13176
13179
13180
13181
13182
13184
13185
13186
13187
13188
13189
13190
13194
13195
13199
13205
13207
13208
13209
13211
13215
13216
13217
13219
13221
13222
13225
13227
13229
13232
13234
13239
13248
13250
13259
13261
13265
13267
13268
13269
13271
13273
13277
13278
13280
13286
13288
13289
13291
13292
13293
13294
13295
13296
13298
13299
13300
13302
13303
13304
13305
13306
13308
13309
13310
13313
13315
13316
13317
13319
13320
13321
13324
13326
13327
13328
13330
13331
13333
13334
13336
13338
13341
13343
13345
13347
13350
13351
13352
13356
13358
13362
13364
13367
13372
13373
13374
13378
13381
13382
13383
13386
13388
13389
13390
13391
13393
13394
13395
13396
13398
13400
13403
13404
13406
13407
13412
13413
13420
13422
13425
13426
13427
13429
13431
13434
13437
13441
13442
13443
13444
13446
13449
13452
13453
13454
13457
13458
13460
13462
13465
13466
13467
13469
13471
13472
13478
13482
13483
13484
13486
13488
13491
13494
13496
13497
13499
13501
13503
13504
13507
13508
13514
13515
13516
13520
13521
13522
13526
13528
13530
13534
13535
13536
13543
13544
13545
13546
13548
13549
13551
13552
13553
13554
13556
13558
13560
13561
13563
13564
13565
13566
13567
13568
13570
13573
13574
13575
13578
13581
13585
13586
13588
13589
13591
13596
13599
13602
13606
13607
13609
13611
13615
13617
13618
13619
13620
13623
13624
13628
13630
13634
13635
13636
13637
13639
13640
13641
13642
13645
13646
13651
13652
13653
13654
13656
13657
13659
13660
13664
13665
13666
13667
13668
13669
13671
13674
13676
13678
13681
13682
13683
13684
13685
13688
13690
13693
13694
13695
13696
13699
13700
13701
13703
13705
13706
13708
13711
13713
13715
13718
13720
13721
13723
13726
13728
13729
13730
13731
13734
13735
13736
13738
13739
13740
13741
13742
13743
13744
13745
13749
13750
13751
13754
13756
13759
13760
13761
13762
13765
13766
13767
13768
13772
13773
13775
13776
13780
13782
13784
13787
13788
13789
13790
13791
13793
13795
13796
13797
13798
13799
13801
13802
13803
13804
13805
13808
13809
13812
13814
13817
13818
13819
13820
13821
13823
13824
13825
13827
13831
13833
13834
13835
13836
13837
13838
13839
13840
13841
13843
13846
13848
13850
13851
13854
13858
13862
13867
13868
13869
13872
13874
13875
13878
13879
13880
13881
13883
13884
13887
13889
13890
13892
13893
13895
13896
13899
13901
13903
13905
13906
13909
13910
13911
13912
13913
13914
13917
13918
13922
13924
13926
13927
13929
13931
13932
13934
13935
13936
13937
13938
13939
13942
13943
13946
13948
13950
13951
13952
13958
13960
13961
13962
13963
13964
13966
13969
13980
13981
13982
13983
13984
13989
13990
13992
13994
13995
13996
13997
14000
14002
14004
14008
14009
14010
14012
14015
14016
14017
14018
14021
14022
14024
14026
14027
14031
14033
14040
14042
14043
14044
14045
14046
14047
14050
14051
14052
14053
14054
14062
14063
14065
14066
14067
14070
14073
14074
14075
14076
14077
14080
14081
14083
14084
14085
14086
14087
14090
14091
14094
14099
14100
14102
14104
14105
14109
14110
14111
14113
14114
14116
14119
14120
14122
14123
14124
14129
14131
14132
14135
14137
14142
14143
14144
14146
14149
14150
14153
14154
14155
14156
14158
14161
14163
14165
14166
14167
14170
14173
14177
14178
14180
14183
14184
14187
14188
14191
14194
14195
14197
14201
14203
14206
14207
14208
14209
14210
14211
14212
14213
14214
14215
14217
14218
14220
14221
14222
14226
14229
14230
14233
14236
14241
14242
14244
14245
14246
14248
14251
14252
14254
14256
14258
14261
14262
14263
14264
14265
14269
14271
14274
14276
14278
14280
14281
14282
14283
14285
14291
14292
14293
14297
14299
14300
14301
14303
14304
14305
14307
14308
14309
14311
14313
14315
14320
14322
14324
14325
14328
14330
14334
14335
14337
14338
14340
14341
14342
14343
14345
14348
14351
14352
14358
14359
14362
14363
14366
14369
14370
14371
14374
14375
14376
14378
14379
14380
14381
14382
14384
14386
14387
14388
14389
14390
14397
14398
14399
14403
14404
14406
14407
14413
14414
14415
14417
14420
14427
14428
14430
14431
14433
14435
14436
14440
14441
14442
14443
14444
14447
14452
14453
14455
14457
14458
14459
14460
14462
14463
14468
14469
14470
14471
14474
14476
14477
14478
14481
14482
14484
14485
14486
14487
14491
14493
14496
14497
14499
14501
14502
14504
14506
14511
14515
14516
14520
14525
14526
14529
14530
14531
14532
14533
14535
14536
14537
14538
14543
14544
14545
14547
14548
14550
14554
14557
14558
14559
14560
14561
14562
14566
14567
14568
14573
14574
14576
14579
14581
14583
14585
14586
14587
14588
14589
14591
14593
14594
14596
14598
14602
14603
14605
14609
14610
14611
14613
14614
14615
14616
14618
14619
14620
14621
14622
14623
14625
14627
14628
14630
14631
14632
14633
14634
14635
14636
14639
14640
14641
14643
14647
14649
14650
14651
14652
14653
14655
14657
14658
14661
14662
14665
14666
14667
14668
14669
14670
14671
14676
14677
14679
14680
14683
14685
14686
14688
14689
14690
14692
14693
14694
14695
14701
14703
14704
14707
14708
14709
14710
14712
14714
14715
14716
14718
14719
14720
14728
14729
14731
14733
14734
14735
14736
14737
14738
14742
14746
14750
14753
14755
14756
14758
14759
14763
14766
14767
14768
14772
14776
14777
14778
14780
14781
14783
14784
14788
14789
14791
14795
14800
14801
14802
14803
14808
14809
14810
14811
14812
14813
14814
14819
14823
14824
14827
14828
14830
14831
14834
14836
14837
14838
14840
14841
14842
14844
14848
14850
14853
14854
14855
14856
14858
14861
14863
14865
14866
14871
14872
14873
14875
14877
14878
14879
14880
14881
14882
14884
14885
14890
14891
14892
14896
14900
14901
14902
14903
14905
14906
14908
14910
14911
14912
14913
14915
14917
14919
14920
14923
14925
14926
14929
14930
14931
14934
14935
14936
14937
14938
14939
14940
14943
14944
14945
14946
14949
14950
14952
14953
14954
14959
14960
14961
14963
14964
14965
14966
14968
14971
14973
14975
14976
14977
14978
14980
14983
14984
14985
14986
14987
14988
14992
14997
15002
15003
15004
15005
15006
15008
15011
15012
15013
15015
15016
15017
15018
15019
15022
15024
15025
15027
15028
15030
15032
15033
15039
15040
15044
15046
15047
15049
15050
15052
15057
15059
15060
15065
15070
15072
15075
15076
15081
15084
15085
15086
15089
15090
15091
15095
15099
15102
15105
15106
15107
15108
15110
15112
15114
15115
15116
15117
15118
15120
15125
15126
15127
15128
15129
15136
15138
15141
15142
15144
15145
15146
15148
15152
15154
15156
15158
15160
15161
15163
15164
15165
15166
15167
15168
15169
15170
15171
15177
15178
15179
15184
15185
15186
15188
15190
15191
15192
15194
15195
15197
15198
15199
15200
15202
15203
15204
15205
15210
15211
15212
15216
15218
15219
15220
15223
15224
15226
15227
15230
15231
15234
15235
15239
15241
15245
15246
15253
15254
15255
15256
15259
15262
15264
15265
15267
15268
15269
15271
15272
15273
15274
15278
15282
15284
15285
15286
15287
15288
15289
15296
15298
15299
15301
15302
15303
15306
15307
15308
15309
15312
15313
15314
15316
15321
15322
15324
15325
15326
15328
15331
15334
15335
15337
15339
15340
15342
15343
15344
15346
15349
15351
15352
15353
15354
15356
15358
15359
15360
15361
15362
15363
15364
15366
15369
15371
15372
15373
15374
15377
15379
15385
15387
15389
15392
15394
15397
15398
15399
15401
15402
15404
15406
15407
15410
15411
15412
15413
15414
15415
15418
15420
15424
15425
15426
15427
15428
15431
15437
15438
15441
15442
15443
15446
15449
15452
15453
15454
15455
15456
15458
15459
15460
15461
15462
15464
15468
15469
15470
15471
15473
15474
15475
15477
15478
15480
15481
15484
15488
15490
15491
15492
15493
15494
15497
15498
15499
15501
15502
15503
15504
15505
15507
15508
15510
15515
15516
15517
15521
15523
15524
15525
15528
15529
15530
15531
15533
15535
15537
15541
15543
15544
15546
15548
15549
15551
15552
15553
15555
15558
15561
15562
15563
15564
15565
15566
15567
15568
15570
15571
15574
15578
15579
15580
15581
15582
15583
15584
15589
15590
15591
15593
15595
15597
15598
15600
15601
15603
15604
15605
15606
15607
15608
15610
15612
15614
15615
15617
15619
15620
15621
15623
15624
15625
15627
15628
15630
15631
15637
15639
15641
15645
15648
15649
15656
15658
15659
15660
15662
15664
15665
15668
15670
15672
15678
15679
15680
15682
15685
15689
15690
15691
15692
15693
15694
15695
15696
15697
15698
15699
15700
15701
15702
15704
15706
15709
15710
15715
15718
15721
15722
15723
15730
15731
15733
15740
15741
15742
15743
15744
15745
15746
15747
15750
15751
15753
15759
15761
15762
15764
15765
15766
15769
15772
15775
15779
15785
15787
15789
15791
15792
15794
15796
15797
15798
15800
15803
15805
15807
15808
15809
15811
15812
15813
15815
15821
15824
15825
15826
15827
15830
15834
15837
15839
15842
15843
15844
15845
15846
15848
15849
15850
15852
15853
15855
15856
15858
15863
15865
15867
15868
15869
15871
15873
15874
15875
15877
15886
15888
15889
15890
15892
15894
15895
15896
15897
15902
15903
15904
15905
15906
15909
15910
15911
15912
15913
15914
15918
15920
15921
15923
15924
15925
15926
15927
15929
15930
15932
15933
15936
15939
15941
15945
15946
15948
15949
15950
15951
15952
15953
15954
15956
15959
15965
15966
15967
15968
15969
15970
15971
15973
15975
15982
15983
15984
15986
15988
15990
15993
15994
15995
16001
16002
16005
16008
16009
16011
16012
16014
16015
16016
16020
16023
16024
16026
16027
16031
16033
16037
16039
16047
16051
16052
16053
16054
16055
16056
16057
16058
16059
16061
16063
16067
16069
16074
16075
16076
16077
16080
16082
16084
16086
16088
16089
16095
16096
16099
16100
16101
16103
16104
16107
16108
16113
16115
16116
16117
16120
16121
16122
16123
16124
16127
16129
16130
16132
16133
16134
16137
16138
16145
16146
16148
16150
16153
16154
16156
16157
16159
16161
16162
16163
16165
16167
16170
16171
16172
16173
16174
16177
16180
16183
16184
16185
16188
16191
16193
16194
16195
16196
16199
16200
16203
16208
16209
16210
16211
16212
16213
16214
16216
16220
16223
16224
16226
16228
16231
16232
16234
16235
16236
16240
16241
16242
16244
16245
16247
16248
16249
16250
16257
16262
16265
16266
16270
16272
16273
16274
16276
16280
16281
16282
16284
16286
16291
16292
16296
16297
16298
16300
16302
16303
16305
16306
16307
16308
16311
16314
16315
16316
16317
16321
16322
16323
16324
16325
16326
16327
16328
16329
16330
16331
16332
16333
16335
16339
16341
16342
16343
16345
16346
16348
16349
16350
16351
16355
16357
16358
16364
16366
16368
16369
16373
16374
16376
16377
16381
16382
16386
16387
16388
16389
16392
16393
16394
16396
16399
16400
16403
16404
16405
16406
16409
16410
16411
16413
16414
16415
16417
16418
16419
16421
16423
16424
16425
16429
16432
16434
16437
16438
16439
16440
16443
16448
16449
16450
16453
16454
16456
16457
16458
16459
16460
16461
16462
16463
16464
16467
16469
16473
16474
16477
16478
16481
16483
16484
16486
16487
16489
16491
16492
16496
16498
16499
16501
16502
16503
16504
16507
16508
16509
16510
16511
16512
16513
16514
16516
16517
16518
16519
16521
16523
16524
16525
16526
16528
16529
16530
16531
16534
16535
16536
16537
16538
16539
16541
16545
16546
16549
16550
16551
16552
16553
16556
16557
16558
16560
16561
16562
16563
16564
16566
16567
16570
16571
16573
16574
16575
16577
16579
16580
16581
16583
16584
16587
16588
16590
16591
16592
16593
16595
16596
16597
16598
16599
16603
16604
16605
16606
16607
16608
16614
16619
16620
16621
16624
16626
16630
16634
16636
16637
16640
16643
16644
16645
16649
16651
16652
16654
16659
16660
16661
16662
16665
16666
16670
16674
16675
16676
16677
16678
16680
16683
16684
16687
16689
16691
16692
16694
16697
16698
16700
16701
16702
16706
16708
16709
16710
16711
16713
16714
16716
16718
16722
16724
16725
16726
16728
16730
16733
16734
16737
16738
16740
16743
16745
16746
16749
16752
16756
16758
16760
16762
16763
16769
16770
16774
16777
16779
16783
16784
16785
16788
16789
16790
16791
16794
16796
16798
16799
16800
16803
16805
16807
16811
16812
16815
16816
16817
16819
16822
16824
16825
16829
16830
16837
16840
16841
16843
16845
16848
16849
16850
16852
16853
16854
16855
16856
16858
16862
16869
16871
16873
16875
16876
16877
16879
16881
16883
16889
16893
16895
16896
16897
16899
16903
16904
16905
16913
16917
16918
16921
16922
16923
16925
16926
16927
16928
16929
16930
16931
16932
16937
16939
16941
16942
16947
16948
16949
16952
16955
16959
16961
16971
16972
16973
16974
16976
16978
16979
16980
16981
16984
16985
16988
16990
16991
16993
16997
16998
16999
17003
17004
17008
17009
17011
17013
17016
17017
17018
17019
17020
17022
17024
17025
17027
17028
17030
17031
17032
17039
17042
17045
17046
17048
17049
17053
17055
17060
17062
17063
17064
17065
17067
17068
17071
17072
17073
17074
17077
17078
17080
17086
17087
17091
17094
17095
17100
17101
17103
17104
17107
17109
17111
17113
17114
17117
17118
17119
17120
17124
17125
17126
17128
17129
17140
17143
17144
17147
17148
17149
17150
17152
17154
17157
17159
17161
17165
17166
17167
17168
17169
17171
17174
17175
17176
17178
17179
17180
17182
17185
17186
17187
17189
17190
17191
17192
17193
17194
17195
17197
17198
17201
17202
17204
17206
17209
17210
17211
17215
17216
17218
17219
17221
17222
17223
17224
17229
17230
17233
17234
17235
17237
17239
17244
17246
17247
17248
17249
17252
17253
17254
17255
17259
17261
17263
17264
17265
17266
17268
17269
17270
17272
17274
17276
17279
17281
17283
17285
17286
17287
17290
17291
17293
17295
17298
17299
17300
17303
17304
17307
17309
17312
17314
17315
17318
17321
17323
17330
17331
17332
17333
17334
17335
17337
17342
17343
17346
17347
17348
17350
17351
17353
17355
17357
17358
17359
17361
17364
17366
17369
17370
17373
17375
17376
17377
17379
17380
17382
17388
17390
17391
17392
17393
17395
17396
17397
17398
17399
17400
17402
17403
17405
17408
17412
17413
17417
17423
17427
17431
17432
17433
17434
17435
17436
17439
17440
17441
17442
17443
17444
17445
17446
17449
17451
17454
17455
17457
17458
17459
17464
17466
17467
17473
17474
17476
17478
17480
17484
17485
17486
17487
17488
17491
17496
17497
17500
17502
17508
17510
17511
17513
17515
17516
17517
17518
17520
17521
17522
17526
17527
17529
17530
17532
17533
17534
17535
17537
17539
17540
17542
17544
17545
17546
17547
17548
17551
17553
17554
17555
17557
17559
17561
17562
17563
17564
17565
17566
17568
17570
17571
17572
17573
17575
17576
17579
17580
17581
17582
17583
17585
17588
17589
17591
17592
17594
17595
17596
17597
17598
17599
17600
17602
17603
17604
17605
17606
17607
17608
17609
17610
17611
17614
17615
17619
17620
17622
17623
17626
17629
17630
17631
17632
17633
17634
17636
17638
17639
17640
17641
17643
17644
17645
17646
17647
17649
17651
17652
17653
17655
17656
17657
17662
17666
17667
17671
17673
17679
17680
17681
17683
17684
17685
17686
17687
17694
17695
17696
17698
17705
17706
17708
17710
17712
17714
17719
17722
17723
17724
17725
17727
17729
17730
17732
17735
17737
17739
17742
17744
17746
17747
17748
17751
17753
17756
17757
17758
17759
17760
17761
17763
17764
17772
17773
17775
17776
17777
17778
17780
17781
17782
17783
17790
17791
17792
17793
17795
17797
17799
17803
17805
17808
17809
17811
17812
17813
17815
17819
17820
17825
17826
17827
17829
17830
17832
17834
17835
17836
17837
17841
17846
17847
17848
17849
17853
17855
17856
17858
17859
17861
17865
17867
17868
17872
17873
17874
17876
17877
17878
17886
17888
17891
17893
17894
17897
17898
17899
17900
17901
17902
17903
17904
17905
17906
17909
17910
17911
17913
17914
17915
17916
17917
17918
17920
17923
17924
17930
17931
17937
17938
17940
17942
17944
17946
17948
17949
17952
17953
17956
17958
17960
17961
17962
17963
17964
17965
17966
17967
17968
17970
17975
17976
17979
17981
17983
17984
17985
17988
17989
17991
17992
17997
17998
17999
18001
18002
18003
18005
18006
18008
18010
18012
18014
18015
18017
18018
18019
18020
18021
18023
18025
18026
18027
18029
18030
18031
18032
18033
18034
18038
18040
18043
18044
18045
18046
18047
18048
18049
18053
18055
18056
18057
18063
18065
18066
18067
18069
18070
18071
18074
18075
18076
18079
18084
18086
18087
18088
18089
18090
18092
18093
18096
18097
18098
18100
18101
18103
18107
18108
18109
18112
18113
18115
18117
18118
18119
18122
18125
18127
18128
18130
18132
18137
18140
18141
18144
18145
18146
18150
18152
18155
18157
18161
18163
18164
18165
18166
18167
18170
18171
18172
18181
18183
18184
18186
18189
18190
18191
18194
18197
18198
18199
18202
18203
18207
18208
18210
18214
18215
18216
18217
18221
18222
18223
18225
18226
18227
18228
18229
18232
18235
18236
18239
18242
18243
18245
18247
18252
18253
18254
18255
18256
18257
18258
18263
18266
18267
18268
18269
18270
18271
18273
18275
18277
18279
18280
18284
18285
18287
18289
18291
18292
18295
18296
18300
18303
18304
18307
18308
18309
18310
18311
18312
18315
18318
18320
18323
18325
18327
18332
18333
18337
18338
18339
18341
18344
18346
18347
18351
18352
18353
18355
18356
18360
18361
18362
18363
18365
18366
18367
18368
18369
18371
18372
18375
18380
18381
18382
18383
18384
18385
18386
18387
18389
18393
18396
18398
18399
18400
18401
18403
18404
18406
18410
18411
18412
18413
18416
18419
18420
18423
18425
18429
18432
18434
18435
18436
18437
18439
18440
18441
18442
18443
18445
18448
18449
18450
18451
18452
18453
18454
18455
18456
18457
18458
18464
18465
18466
18467
18469
18470
18471
18472
18475
18477
18480
18482
18483
18484
18486
18488
18491
18493
18494
18497
18498
18499
18500
18502
18503
18506
18507
18509
18511
18512
18513
18516
18517
18519
18520
18521
18523
18524
18525
18526
18527
18528
18529
18530
18531
18532
18533
18536
18539
18540
18541
18543
18544
18545
18546
18548
18549
18550
18551
18552
18557
18563
18565
18566
18569
18570
18572
18575
18576
18578
18579
18580
18581
18586
18591
18594
18595
18596
18597
18599
18600
18601
18602
18605
18606
18607
18608
18609
18610
18611
18613
18615
18617
18618
18619
18622
18624
18626
18627
18628
18629
18630
18632
18634
18635
18636
18640
18646
18648
18649
18650
18651
18652
18654
18656
18660
18661
18665
18666
18670
18674
18675
18676
18682
18683
18684
18687
18688
18691
18693
18694
18696
18699
18700
18703
18706
18707
18708
18709
18710
18711
18712
18713
18716
18717
18718
18719
18720
18723
18724
18727
18728
18729
18732
18733
18735
18736
18737
18739
18741
18745
18747
18748
18750
18752
18754
18757
18761
18762
18763
18765
18767
18768
18769
18771
18772
18773
18774
18775
18777
18779
18781
18783
18784
18787
18788
18790
18795
18798
18799
18800
18802
18803
18805
18806
18807
18808
18811
18812
18813
18814
18818
18819
18820
18821
18823
18826
18828
18829
18830
18833
18834
18840
18841
18843
18844
18845
18846
18847
18850
18851
18852
18854
18855
18856
18859
18863
18864
18865
18866
18867
18868
18872
18873
18875
18880
18883
18885
18888
18893
18895
18898
18899
18902
18904
18907
18908
18909
18910
18911
18912
18914
18916
18917
18919
18920
18921
18925
18926
18927
18931
18932
18934
18935
18939
18946
18949
18952
18953
18954
18955
18956
18957
18958
18962
18965
18969
18970
18972
18973
18975
18976
18978
18980
18983
18984
18985
18988
18989
18991
18992
18994
18996
18997
19001
19002
19005
19008
19009
19010
19011
19014
19016
19017
19018
19019
19020
19021
19023
19025
19026
19027
19028
19029
19031
19033
19034
19035
19036
19039
19041
19043
19044
19046
19047
19048
19049
19050
19052
19054
19055
19060
19061
19062
19063
19064
19070
19072
19073
19074
19075
19079
19080
19081
19082
19087
19088
19091
19092
19093
19095
19097
19098
19099
19101
19102
19104
19105
19107
19109
19110
19112
19113
19114
19115
19118
19119
19121
19122
19123
19126
19128
19130
19132
19136
19137
19139
19140
19141
19142
19143
19145
19146
19148
19151
19153
19156
19157
19158
19160
19164
19165
19168
19171
19172
19173
19175
19176
19177
19178
19180
19181
19182
19186
19188
19189
19190
19191
19197
19200
19202
19203
19204
19205
19207
19210
19213
19215
19219
19220
19221
19222
19225
19226
19228
19229
19230
19233
19235
19242
19243
19244
19249
19250
19251
19256
19259
19261
19266
19273
19274
19276
19277
19279
19280
19281
19282
19284
19285
19286
19287
19289
19292
19295
19296
19301
19302
19303
19304
19305
19306
19307
19308
19309
19311
19312
19313
19315
19316
19317
19318
19319
19323
19324
19325
19327
19330
19334
19336
19337
19339
19340
19341
19342
19348
19351
19352
19355
19357
19358
19361
19363
19365
19367
19369
19372
19375
19376
19380
19381
19383
19384
19387
19396
19397
19398
19402
19403
19405
19406
19407
19410
19411
19412
19413
19414
19416
19417
19420
19422
19424
19427
19433
19436
19443
19445
19447
19448
19449
19450
19451
19452
19454
19455
19456
19457
19460
19463
19464
19466
19468
19473
19475
19477
19479
19481
19484
19485
19486
19487
19488
19489
19491
19494
19495
19496
19499
19500
19502
19503
19504
19505
19508
19510
19511
19512
19514
19515
19522
19524
19525
19526
19527
19530
19531
19534
19535
19538
19540
19541
19544
19548
19549
19551
19552
19554
19555
19556
19557
19558
19559
19563
19565
19567
19570
19572
19573
19575
19576
19577
19578
19585
19587
19588
19589
19592
19593
19595
19597
19601
19604
19605
19606
19607
19609
19610
19614
19615
19617
19618
19620
19621
19622
19623
19625
19626
19628
19629
19630
19631
19634
19638
19639
19640
19644
19645
19648
19649
19654
19656
19658
19660
19662
19663
19664
19665
19667
19669
19670
19671
19677
19678
19679
19681
19690
19691
19692
19694
19695
19698
19699
19700
19701
19702
19704
19705
19706
19707
19708
19709
19713
19714
19721
19722
19723
19727
19728
19732
19733
19735
19736
19739
19741
19742
19747
19748
19750
19752
19754
19756
19757
19758
19759
19760
19762
19763
19765
19766
19769
19770
19771
19772
19773
19774
19775
19786
19787
19788
19791
19795
19799
19802
19803
19804
19806
19807
19808
19810
19811
19812
19813
19815
19816
19817
19819
19820
19823
19825
19828
19830
19832
19835
19837
19838
19840
19842
19844
19847
19849
19851
19853
19859
19860
19864
19865
19866
19869
19873
19874
19875
19876
19879
19880
19881
19886
19888
19889
19890
19895
19896
19897
19899
19900
19902
19903
19904
19906
19907
19908
19909
19911
19913
19915
19917
19918
19919
19920
19922
19923
19925
19928
19929
19930
19932
19933
19935
19936
19939
19943
19944
19945
19949
19953
19956
19957
19959
19960
19962
19964
19965
19967
19968
19973
19974
19975
19976
19977
19978
19983
19987
19989
19990
19991
19992
19993
19994
19996
19999
20000
20001
20004
20006
20008
20009
20010
20011
20012
20013
20019
20020
20021
20022
20023
20024
20025
20026
20027
20031
20032
20033
20034
20035
20038
20039
20040
20043
20046
20047
20050
20052
20055
20057
20058
20059
20060
20062
20065
20069
20070
20071
20072
20073
20075
20076
20077
20078
20080
20081
20083
20084
20085
20087
20089
20090
20091
20092
20095
20097
20098
20102
20103
20104
20106
20110
20111
20112
20117
20118
20121
20122
20125
20127
20132
20133
20134
20135
20140
20145
20147
20149
20150
20152
20153
20154
20159
20160
20161
20165
20166
20168
20169
20170
20171
20172
20173
20174
20176
20177
20182
20186
20189
20192
20195
20196
20198
20199
20200
20203
20204
20206
20215
20217
20218
20220
20221
20222
20223
20225
20226
20227
20228
20230
20231
20232
20233
20235
20236
20237
20240
20241
20242
20243
20244
20245
20250
20252
20253
20254
20255
20258
20259
20263
20268
20270
20272
20273
20279
20282
20285
20287
20289
20293
20294
20297
20299
20300
20301
20303
20304
20306
20307
20308
20309
20310
20313
20314
20315
20319
20325
20327
20328
20329
20331
20332
20333
20338
20340
20341
20343
20344
20345
20346
20350
20353
20354
20356
20359
20361
20365
20367
20368
20369
20371
20375
20379
20380
20385
20386
20387
20388
20390
20393
20394
20397
20399
20404
20406
20408
20409
20412
20413
20415
20417
20419
20420
20421
20422
20424
20425
20428
20429
20430
20431
20432
20436
20438
20440
20441
20442
20444
20450
20451
20453
20454
20456
20460
20463
20464
20467
20473
20475
20476
20478
20479
20483
20484
20485
20487
20488
20489
20491
20495
20496
20500
20503
20506
20510
20516
20517
20518
20519
20522
20526
20528
20529
20530
20533
20535
20537
20542
20543
20544
20545
20548
20549
20550
20552
20553
20554
20555
20556
20558
20560
20561
20568
20569
20570
20571
20573
20578
20581
20582
20584
20587
20589
20590
20591
20593
20594
20595
20596
20598
20599
20600
20601
20603
20606
20609
20610
20612
20614
20617
20619
20622
20623
20624
20626
20627
20628
20629
20632
20633
20635
20636
20639
20641
20642
20644
20648
20649
20650
20652
20653
20654
20657
20658
20659
20660
20661
20666
20668
20670
20672
20673
20674
20679
20680
20681
20682
20683
20686
20687
20688
20690
20692
20693
20695
20696
20697
20698
20701
20703
20704
20705
20707
20708
20709
20711
20712
20713
20714
20715
20716
20718
20719
20720
20721
20722
20723
20724
20725
20726
20728
20731
20732
20734
20735
20736
20738
20741
20742
20743
20744
20745
20747
20748
20749
20750
20751
20755
20756
20757
20759
20760
20762
20763
20767
20768
20770
20772
20773
20774
20776
20778
20781
20784
20785
20786
20787
20788
20789
20790
20791
20793
20795
20796
20798
20799
20800
20801
20802
20803
20805
20807
20808
20809
20812
20813
20814
20816
20819
20820
20821
20823
20824
20826
20827
20833
20837
20839
20841
20843
20845
20848
20852
20853
20855
20856
20858
20860
20861
20862
20863
20867
20868
20870
20872
20874
20875
20877
20880
20881
20884
20885
20886
20891
20892
20894
20896
20897
20898
20901
20902
20903
20904
20905
20906
20907
20908
20912
20913
20914
20915
20920
20922
20924
20926
20927
20928
20929
20931
20932
20933
20935
20936
20938
20942
20945
20946
20947
20950
20951
20952
20953
20954
20955
20957
20960
20967
20969
20972
20973
20976
20977
20980
20981
20982
20986
20987
20990
20993
20994
20995
20996
20999
21000
21001
21004
21005
21006
21007
21009
21011
21015
21016
21017
21018
21021
21023
21024
21028
21029
21030
21031
21032
21034
21036
21037
21040
21041
21042
21043
21045
21046
21047
21050
21052
21055
21056
21057
21058
21060
21061
21062
21064
21066
21069
21072
21074
21075
21076
21081
21082
21083
21085
21088
21089
21090
21092
21093
21094
21097
21098
21099
21100
21101
21102
21106
21107
21109
21110
21113
21118
21119
21120
21121
21123
21124
21126
21127
21128
21130
21131
21133
21134
21135
21138
21140
21143
21148
21149
21150
21151
21152
21153
21155
21158
21159
21160
21163
21164
21167
21168
21169
21172
21173
21175
21176
21177
21180
21182
21183
21189
21190
21191
21194
21195
21196
21201
21203
21204
21207
21208
21209
21210
21214
21216
21218
21219
21221
21224
21226
21228
21229
21230
21232
21235
21236
21239
21240
21245
21246
21251
21252
21253
21255
21256
21257
21258
21261
21262
21263
21265
21266
21267
21269
21271
21272
21273
21276
21278
21279
21281
21283
21285
21287
21290
21295
21300
21303
21306
21311
21313
21314
21316
21317
21319
21322
21326
21329
21330
21333
21335
21336
21337
21338
21340
21341
21344
21347
21348
21349
21351
21352
21356
21357
21359
21362
21363
21365
21367
21368
21369
21373
21375
21376
21378
21379
21380
21381
21385
21386
21387
21389
21390
21392
21394
21395
21396
21397
21398
21400
21402
21403
21404
21407
21408
21409
21410
21411
21413
21414
21415
21417
21418
21419
21423
21424
21425
21427
21428
21430
21431
21432
21433
21434
21438
21439
21441
21442
21444
21445
21449
21450
21451
21452
21453
21455
21457
21459
21462
21463
21465
21466
21467
21469
21471
21472
21474
21481
21482
21483
21487
21490
21492
21493
21501
21502
21504
21506
21507
21508
21510
21511
21512
21513
21516
21517
21518
21519
21520
21521
21523
21525
21526
21527
21528
21532
21535
21536
21537
21538
21539
21543
21544
21546
21548
21549
21550
21551
21554
21555
21559
21560
21565
21569
21571
21573
21576
21579
21580
21581
21582
21583
21584
21585
21588
21589
21592
21594
21595
21596
21601
21603
21604
21607
21612
21615
21617
21618
21621
21622
21623
21625
21626
21628
21630
21631
21634
21635
21637
21638
21639
21640
21641
21643
21644
21646
21647
21648
21650
21651
21652
21656
21657
21660
21661
21664
21665
21667
21668
21669
21670
21671
21673
21676
21677
21679
21680
21683
21684
21685
21686
21688
21689
21692
21694
21697
21698
21699
21700
21702
21703
21704
21705
21709
21710
21712
21715
21716
21718
21720
21721
21722
21723
21726
21727
21728
21730
21732
21733
21734
21735
21736
21737
21740
21742
21743
21745
21746
21747
21749
21750
21752
21754
21758
21759
21760
21764
21766
21767
21769
21770
21771
21777
21782
21783
21785
21786
21787
21788
21790
21793
21794
21801
21803
21804
21805
21808
21809
21810
21811
21812
21813
21816
21817
21820
21821
21822
21826
21827
21828
21829
21830
21834
21835
21836
21837
21842
21846
21850
21852
21855
21856
21857
21858
21859
21862
21863
21865
21866
21867
21870
21871
21872
21874
21875
21876
21877
21878
21880
21888
21889
21890
21891
21893
21894
21902
21903
21904
21905
21906
21907
21908
21909
21911
21912
21913
21915
21916
21917
21919
21920
21921
21922
21923
21925
21926
21927
21928
21929
21932
21933
21935
21936
21941
21943
21944
21945
21946
21947
21950
21951
21952
21953
21954
21955
21956
21957
21959
21961
21962
21963
21965
21966
21968
21971
21973
21975
21977
21979
21980
21981
21982
21984
21988
21989
21992
21994
21995
21996
21999
22001
22003
22004
22005
22008
22017
22020
22023
22027
22029
22030
22031
22032
22035
22036
22039
22042
22048
22049
22050
22054
22056
22057
22060
22061
22062
22065
22066
22069
22070
22071
22073
22077
22079
22080
22081
22082
22084
22085
22086
22087
22088
22090
22091
22093
22094
22095
22099
22101
22102
22103
22104
22105
22109
22111
22113
22114
22115
22117
22123
22125
22129
22130
22131
22132
22133
22134
22135
22136
22138
22139
22141
22146
22147
22148
22153
22159
22161
22164
22168
22170
22171
22173
22174
22175
22176
22181
22184
22185
22187
22189
22190
22191
22192
22193
22194
22197
22201
22203
22206
22209
22210
22211
22212
22213
22216
22217
22221
22222
22227
22229
22230
22232
22233
22235
22236
22237
22238
22245
22246
22248
22249
22250
22251
22252
22254
22255
22259
22263
22264
22267
22268
22269
22270
22271
22272
22273
22275
22276
22277
22278
22279
22280
22281
22282
22284
22285
22287
22291
22297
22298
22299
22300
22301
22304
22307
22309
22311
22313
22314
22315
22320
22321
22322
22323
22324
22326
22327
22328
22330
22331
22332
22333
22338
22341
22342
22343
22345
22346
22348
22350
22351
22353
22359
22363
22364
22365
22366
22368
22372
22373
22374
22376
22380
22381
22383
22384
22387
22391
22392
22393
22398
22401
22402
22403
22405
22406
22409
22412
22413
22414
22416
22418
22419
22420
22422
22423
22426
22428
22431
22432
22438
22439
22440
22441
22443
22444
22446
22449
22450
22452
22453
22454
22455
22456
22457
22462
22466
22468
22471
22473
22474
22477
22479
22481
22482
22483
22485
22486
22488
22490
22491
22492
22500
22501
22504
22505
22506
22509
22514
22516
22518
22519
22522
22524
22529
22532
22533
22534
22535
22536
22538
22540
22541
22542
22547
22548
22549
22552
22554
22556
22560
22561
22565
22566
22570
22571
22576
22578
22579
22580
22581
22583
22587
22588
22589
22590
22591
22592
22594
22595
22596
22599
22600
22602
22603
22605
22608
22609
22611
22612
22614
22615
22616
22617
22621
22625
22627
22628
22631
22632
22633
22634
22635
22636
22637
22638
22640
22641
22643
22645
22649
22650
22652
22654
22656
22658
22659
22661
22662
22663
22665
22667
22670
22671
22672
22674
22677
22679
22682
22683
22686
22687
22691
22695
22696
22701
22706
22707
22709
22710
22712
22713
22715
22718
22719
22720
22721
22722
22723
22724
22725
22726
22727
22728
22733
22734
22736
22737
22740
22742
22744
22745
22748
22749
22756
22757
22759
22761
22763
22766
22767
22768
22769
22772
22773
22774
22775
22777
22778
22779
22780
22781
22782
22785
22786
22788
22791
22793
22795
22797
22798
22800
22802
22803
22804
22808
22810
22811
22813
22814
22815
22816
22818
22819
22822
22824
22825
22827
22829
22830
22834
22838
22839
22840
22841
22842
22843
22848
22850
22852
22854
22855
22856
22857
22858
22859
22860
22861
22867
22868
22872
22877
22883
22886
22889
22891
22893
22894
22895
22897
22898
22901
22904
22909
22910
22911
22915
22918
22920
22922
22924
22926
22927
22928
22932
22933
22934
22936
22937
22941
22943
22944
22946
22947
22948
22950
22951
22954
22957
22959
22960
22961
22962
22963
22965
22967
22968
22972
22973
22975
22976
22977
22982
22984
22985
22986
22987
22988
22991
22992
22993
22996
22998
22999
23002
23003
23005
23006
23008
23009
23013
23014
23017
23018
23021
23022
23023
23027
23028
23029
23030
23031
23033
23035
23036
23038
23042
23043
23045
23046
23048
23054
23055
23057
23058
23060
23061
23063
23064
23067
23068
23069
23070
23073
23075
23077
23078
23083
23085
23086
23089
23090
23092
23093
23094
23096
23097
23098
23101
23105
23106
23110
23112
23119
23120
23122
23124
23126
23131
23132
23133
23142
23143
23144
23155
23157
23158
23159
23162
23163
23164
23166
23168
23170
23172
23173
23175
23177
23182
23183
23184
23185
23188
23189
23190
23191
23192
23203
23205
23206
23207
23208
23209
23210
23215
23222
23223
23225
23226
23227
23232
23233
23235
23237
23238
23239
23241
23242
23244
23245
23246
23249
23252
23253
23254
23256
23257
23258
23259
23262
23263
23265
23266
23268
23269
23270
23271
23274
23275
23276
23279
23280
23281
23283
23289
23290
23295
23297
23298
23299
23303
23304
23307
23308
23310
23312
23315
23320
23321
23325
23326
23329
23332
23335
23338
23339
23340
23341
23342
23343
23344
23346
23347
23348
23349
23350
23351
23352
23355
23357
23358
23362
23363
23364
23365
23367
23370
23371
23372
23373
23375
23380
23381
23382
23385
23386
23387
23391
23393
23397
23398
23399
23401
23404
23406
23407
23409
23413
23414
23415
23416
23418
23419
23420
23421
23422
23424
23427
23429
23431
23433
23435
23436
23437
23442
23443
23444
23445
23446
23449
23451
23453
23454
23456
23457
23458
23459
23461
23465
23466
23468
23471
23472
23477
23478
23479
23480
23483
23487
23490
23493
23494
23498
23500
23504
23505
23507
23508
23511
23512
23514
23516
23517
23520
23521
23522
23526
23527
23528
23530
23531
23532
23536
23537
23538
23539
23540
23543
23544
23545
23548
23549
23550
23551
23553
23557
23559
23560
23561
23562
23564
23565
23567
23568
23572
23573
23574
23575
23576
23578
23580
23581
23583
23586
23589
23590
23591
23593
23595
23596
23597
23601
23602
23603
23609
23611
23612
23614
23615
23616
23618
23620
23624
23626
23627
23628
23629
23631
23632
23636
23637
23638
23641
23642
23648
23650
23651
23656
23658
23659
23661
23663
23668
23670
23672
23674
23675
23676
23677
23678
23680
23683
23685
23687
23688
23689
23691
23692
23695
23696
23697
23698
23700
23701
23703
23704
23705
23706
23709
23712
23714
23720
23722
23723
23724
23726
23727
23728
23729
23731
23732
23733
23738
23740
23742
23743
23745
23748
23749
23751
23753
23754
23757
23759
23760
23761
23766
23768
23770
23772
23775
23776
23777
23782
23783
23786
23789
23790
23791
23793
23795
23796
23798
23799
23801
23802
23803
23805
23807
23808
23809
23810
23813
23814
23815
23816
23817
23818
23819
23820
23821
23823
23826
23831
23833
23836
23837
23839
23840
23841
23843
23849
23851
23852
23853
23854
23855
23857
23864
23867
23869
23872
23876
23878
23880
23881
23883
23886
23888
23890
23893
23895
23896
23897
23900
23901
23902
23903
23904
23907
23908
23909
23910
23913
23914
23915
23916
23917
23920
23921
23923
23927
23928
23930
23932
23933
23939
23940
23944
23947
23950
23951
23954
23959
23961
23962
23963
23966
23967
23968
23969
23972
23973
23974
23977
23979
23980
23981
23987
23990
23992
23993
23999
24001
24002
24004
24006
24009
24010
24011
24014
24018
24019
24020
24023
24024
24028
24029
24030
24031
24035
24037
24038
24040
24043
24045
24047
24048
24049
24050
24052
24054
24055
24056
24057
24059
24062
24064
24065
24069
24070
24071
24072
24073
24074
24077
24079
24080
24081
24082
24083
24084
24088
24089
24090
24091
24093
24098
24101
24102
24103
24106
24107
24108
24109
24110
24111
24113
24114
24115
24124
24126
24127
24133
24134
24135
24138
24139
24142
24145
24146
24148
24154
24157
24158
24159
24160
24161
24162
24164
24167
24169
24170
24173
24174
24175
24176
24177
24181
24182
24185
24186
24187
24188
24189
24192
24193
24194
24196
24197
24198
24199
24201
24202
24207
24208
24209
24210
24211
24212
24213
24214
24215
24216
24217
24219
24221
24223
24225
24228
24229
24232
24233
24234
24235
24237
24240
24241
24242
24243
24245
24247
24248
24249
24250
24251
24255
24256
24258
24259
24260
24261
24262
24263
24265
24267
24268
24272
24274
24277
24278
24279
24280
24281
24285
24288
24289
24291
24292
24293
24298
24304
24305
24307
24313
24317
24320
24321
24322
24323
24327
24329
24336
24337
24339
24340
24343
24345
24347
24348
24349
24351
24352